 0.501 -0.247      
 0.831 -1.171      
 0.335  0.429      
 0.207 -0.488      
-0.778 -0.106      
-0.433  0.104      
-0.281  0.075      
-0.934  0.655      
 1.115 -1.000      
 1.379 -1.400      
 0.824 -0.668      
 0.623 -0.748      
-0.443  0.025      
 1.306 -0.506      
-1.697  1.342      
 1.029 -1.602      
 0.504 -0.245      
 0.367 -0.327      
-2.788  2.200      
 0.314 -0.087      
-1.238  1.260      
 0.166  0.232      
 0.654 -0.930      
-1.274  0.664      
 2.066 -2.052      
 0.522 -0.238      
 0.715  0.622      
 0.317 -0.368      
-1.307  1.121      
 0.082 -0.474      
 1.307 -1.575      
 0.738 -1.020      
 0.905 -1.024      
 0.254 -0.580      
-0.206  0.381      
-0.468  0.967      
-0.678 -0.012      
 0.217 -0.679      
 0.187 -0.124      
-0.514  0.850      
-1.432  1.728      
-0.721  0.028      
-0.567  0.765      
-0.394  0.482      
-0.893  0.446      
 0.143 -0.051      
-1.229  0.720      
 1.289 -1.109      
-0.024  0.142      
-0.753  1.090      
-0.907  0.170      
 0.797 -0.381      
-0.439  0.570      
-1.680  0.968      
 0.168 -0.587      
-1.272  1.201      
-1.157  1.071      
 0.817 -0.643      
-0.691  1.128      
 0.256  0.004      
 0.094  0.318      
-0.973  0.915      
-0.207  0.440      
 0.033  0.479      
-0.871  0.331      
-1.284  1.925      
-0.819  1.104      
-1.889  1.812      
 0.731 -0.297      
 1.510 -0.519      
 0.634 -0.690      
 0.478 -0.608      
 0.238  0.179      
-0.244  0.048      
 0.129 -0.580      
 0.812 -0.615      
 0.214 -0.176      
-0.369  0.890      
-0.941  0.085      
 1.059 -0.649      
-1.076  0.866      
 0.121  0.681      
 0.191  0.464      
 0.056 -0.272      
 1.673 -1.919      
 0.178 -0.041      
-0.368  0.929      
-0.222 -0.122      
-1.498  1.302      
-1.694  1.825      
 1.134 -1.540      
 1.093 -1.064      
-0.546  0.817      
-0.142  0.157      
 0.661 -0.925      
-0.139 -0.104      
-0.669  0.647      
 0.539 -1.420      
 0.589 -0.516      
 0.049  0.356      
-1.006  1.005      
-1.704  1.939      
-0.748  0.947      
 0.971 -0.241      
-0.796  1.403      
 0.826 -1.526      
-1.246  0.896      
 0.293 -0.242      
-0.800  0.232      
-2.024  1.521      
 0.967 -1.357      
 0.553 -1.274      
 0.113 -0.449      
 0.246  0.401      
-0.583  0.829      
-0.280 -0.284      
 0.229 -0.064      
 0.045  0.428      
 1.622 -1.606      
 0.013 -0.313      
-0.058 -0.109      
-1.961  0.824      
 0.088  0.172      
-0.889  1.221      
-0.536  0.431      
 0.020  0.173      
 1.058 -1.599      
-0.669  0.527      
 0.163 -0.406      
-1.217  0.234      
-1.061  1.176      
 0.912 -1.598      
 0.468 -0.583      
-0.533  0.850      
 0.247 -0.084      
-2.866  2.241      
-1.341  1.037      
 0.044 -0.273      
-0.203  0.125      
 2.466 -2.609      
-0.817  1.244      
 0.436  0.406      
 0.668 -1.372      
-0.740  0.745      
-1.399  1.203      
-0.209  0.007      
-0.918  1.083      
 2.049 -2.107      
-0.484  0.610      
 1.935 -1.627      
-0.672  0.312      
-1.535  1.455      
-0.179  0.515      
-1.111  1.261      
 1.854 -1.524      
 0.466 -0.137      
-0.267  0.807      
 0.293  1.032      
 0.148  0.343      
-1.964  1.762      
 0.023 -0.326      
-1.058  0.532      
 0.972 -0.947      
 0.214 -0.752      
-0.638 -0.237      
-1.184  1.512      
-0.039 -0.388      
-1.154  1.517      
-0.970  0.384      
-0.699  0.300      
 0.125 -0.008      
 0.147  0.170      
-0.367  1.006      
 0.557  0.053      
 0.046 -0.292      
-1.469  1.205      
-0.149  0.676      
-0.286 -0.642      
-0.198  0.273      
 0.955 -0.127      
 0.194 -0.329      
 0.127 -0.079      
 0.845 -0.812      
-1.443  1.337      
-1.981  2.571      
 0.305 -0.375      
 0.758 -0.063      
-1.252  1.021      
-0.996  0.921      
-0.031  0.226      
-1.620  1.588      
 0.521 -1.361      
 0.154  0.352      
-0.373  0.061      
-1.088  1.859      
-1.511  1.899      
-0.157  0.720      
-0.194 -0.231      
 0.932 -0.976      
-0.471  0.367      
-0.816  1.179      
 0.416 -0.509      
-0.175  0.136      
-1.108  0.477      
 0.594 -0.510      
 0.566 -1.425      
-0.551  0.163      
-0.198  1.091      
 0.510 -0.394      
-0.713  0.872      
 2.305 -2.180      
-1.223  1.007      
-0.085  0.348      
-0.023 -0.152      
 0.472 -0.579      
-0.679  0.822      
-0.073  0.263      
 0.196  0.327      
 1.691 -1.228      
-0.071  0.065      
-0.706  1.083      
-0.905  0.514      
-0.159  0.559      
 0.145 -0.281      
-0.318 -0.011      
 2.541  2.592      
 2.486  1.977      
 2.168  2.364      
 3.173  2.654      
 3.798  4.022      
 4.486  3.960      
 2.306  2.177      
 2.434  1.985      
 0.532 -0.011      
-0.021  0.227      
 0.416  0.422      
 1.573  1.634      
 2.588  2.413      
 1.048  0.139      
 1.624  2.053      
 1.439  1.565      
 1.743  2.207      
-0.431 -0.829      
 2.126  1.832      
 0.295  0.657      
-0.010 -0.181      
 1.189  1.215      
 0.001  0.296      
 1.488  1.932      
 2.848  2.700      
 3.354  2.996      
 1.557  2.364      
 1.562  1.363      
 0.434  0.041      
 2.287  1.527      
 0.625  0.623      
 2.126  2.218      
 1.468  1.965      
 2.221  1.860      
 1.043  1.536      
 1.326  1.376      
 1.386  1.172      
 1.262  1.291      
 0.885  0.639      
 1.783  1.276      
 2.128  0.612      
 2.432  2.381      
 0.951  1.805      
 2.588  1.908      
 3.352  3.539      
 3.328  3.554      
 2.433  2.078      
 1.279  1.161      
 1.580  1.171      
 3.519  3.419      
 0.459  0.356      
 1.924  1.355      
 1.967  2.608      
 2.913  2.819      
 2.407  2.649      
 3.104  3.115      
 2.861  2.927      
 3.358  3.429      
 0.871  0.583      
 1.960  2.111      
 3.222  3.835      
 0.314  0.246      
 2.761  2.834      
 2.841  2.901      
 1.263  2.290      
 3.013  2.875      
 2.098  2.118      
 1.691  1.118      
 1.260  1.774      
 3.277  3.206      
 1.548  1.452      
 1.156  1.495      
 2.668  2.492      
 1.757  2.507      
 4.277  3.684      
 2.963  3.107      
 0.966  1.094      
 2.956  2.766      
 3.041  2.834      
 2.399  2.338      
 2.661  2.101      
 1.669  1.884      
 2.966  3.699      
-0.040  0.915      
 3.471  3.462      
 0.924  0.235      
 0.903  0.370      
 0.476  1.003      
 2.572  2.043      
 2.272  2.778      
 2.844  3.719      
 2.457  2.963      
 2.474  2.175      
 1.098  1.186      
 1.244  1.181      
 3.364  4.170      
 2.434  1.678      
 3.684  2.256      
 1.461  1.546      
 0.390  1.094      
 1.899  2.505      
 3.745  3.249      
 3.205  3.272      
 0.729  1.194      
 0.991  1.316      
 1.077  0.768      
 3.366  3.653      
 2.481  2.349      
 2.929  2.435      
 1.127  1.035      
 2.181  2.847      
 1.801  2.135      
 1.325  1.443      
 2.238  2.687      
 2.548  2.287      
 2.639  2.994      
 1.137  0.603      
 2.422  2.074      
 1.703  2.814      
 3.387  3.615      
 1.536  2.113      
 1.708  1.807      
 2.402  2.114      
 2.434  2.128      
 1.067  0.985      
 2.621  1.427      
 0.561  0.441      
 0.826  0.609      
 1.954  1.954      
 2.049  2.342      
-0.361 -0.099      
 1.531  1.278      
 0.661  0.954      
 0.829  1.394      
 0.725  0.594      
 1.710  1.470      
 2.350  2.136      
 2.241  2.950      
 1.654  1.137      
 2.049  1.742      
 0.689  1.188      
 2.785  2.978      
 1.181  1.482      
 1.109  1.263      
 3.856  3.825      
 2.319  1.992      
 1.747  1.611      
 1.715  1.425      
 1.261  1.203      
 0.303  0.274      
 2.472  1.852      
 3.146  3.457      
 1.886  1.961      
 2.125  1.389      
 1.772  1.614      
 3.028  2.615      
 0.917  1.186      
 2.701  2.645      
 2.964  2.623      
 1.384  1.799      
 2.603  2.941      
 1.893  1.234      
 1.585  1.514      
 2.886  1.632      
 0.891  1.199      
 2.075  2.930      
 2.705  1.850      
 1.099  0.802      
 2.944  2.717      
 3.474  3.514      
 3.062  2.524      
 2.310  1.439      
 1.014  1.134      
 1.699  1.841      
 1.668  1.432      
 2.239  2.431      
 3.281  2.813      
 0.796  1.000      
 2.696  2.504      
 1.100  1.225      
 2.777  2.478      
 2.459  1.640      
 1.996  1.516      
 1.605  2.622      
 1.110  1.234      
 1.703  2.248      
 2.989  3.157      
 3.758  3.773      
 3.202  3.244      
 3.151  3.100      
 1.126  0.694      
 0.962  1.666      
 3.302  2.675      
 2.206  2.924      
 2.551  2.632      
 2.397  2.363      
 0.477  0.829      
 2.898  2.407      
 1.765  1.039      
 1.106  1.342      
 2.182  1.416      
 2.038  2.652      
 1.029  1.025      
 2.619  2.534      
 1.904  1.290      
 2.668  2.709      
 2.696  3.092      
 2.015  2.235      
 0.440  0.413      
 2.855  2.521      
 1.291  0.877      
 1.492  1.460      
 3.339  3.039      
 1.959  2.245      
 1.910  2.063      
 1.677  2.553      
 2.060  1.883      
 0.432  0.742      
 2.491  2.368      
 2.239  2.205      
 2.268  2.660      
 3.299  2.701      
 1.675  1.333      
 2.325  2.684      
 2.193  1.702      
 4.925 -3.235      
 4.335 -2.617      
 4.024 -2.194      
 4.419 -2.191      
 5.531 -2.953      
 5.724 -3.902      
 5.011 -2.726      
 6.219 -3.713      
 4.774 -2.917      
 4.827 -3.660      
 4.776 -3.128      
 4.466 -1.828      
 6.485 -4.416      
 3.439 -1.485      
 6.939 -4.968      
 4.126 -2.672      
 4.813 -2.754      
 5.289 -3.473      
 4.767 -2.948      
 4.310 -1.767      
 5.168 -3.706      
 5.032 -3.084      
 6.242 -4.222      
 5.914 -4.016      
 5.670 -3.603      
 4.801 -2.694      
 6.272 -4.304      
 5.606 -3.348      
 7.048 -4.144      
 6.371 -3.973      
 4.176 -2.426      
 5.516 -3.698      
 5.174 -3.155      
 5.660 -3.863      
 4.708 -3.359      
 5.674 -3.188      
 3.983 -2.315      
 6.781 -4.698      
 5.140 -3.359      
 6.354 -3.684      
 5.097 -3.302      
 6.755 -5.168      
 4.825 -1.792      
 4.694 -2.201      
 5.469 -3.979      
 4.435 -2.214      
 4.058 -2.080      
 5.450 -3.735      
 5.051 -3.046      
 4.443 -3.105      
