2000 2000 2030.22 2030.42
2030.22 2030.42 2063.22 2040.28
2063.22 2040.28 2072.71 2055.42
2072.71 2055.42 2079.39 2078.74
2079.39 2078.74 2085.39 2108.52
2085.39 2108.52 2112.82 2137.36
2112.82 2137.36 2131.7 2154.52
2131.7 2154.52 2151.12 2185.12
2151.12 2185.12 2177.12 2209
2177.12 2209 2191.85 2236.28
2191.85 2236.28 2218.37 2263.55
2218.37 2263.55 2233.76 2273.98
2233.76 2273.98 2244.42 2278.28
2244.42 2278.28 2257.19 2290.86
2257.19 2290.86 2278.29 2303.51
2278.29 2303.51 2305.41 2308.7
2305.41 2308.7 2333.39 2340.65
2333.39 2340.65 2340.52 2347.82
2340.52 2347.82 2342.13 2367.55
2342.13 2367.55 2365.87 2375.3
2365.87 2375.3 2374.33 2377.69
2374.33 2377.69 2391.04 2403.6
2391.04 2403.6 2396.4 2407.34
2396.4 2407.34 2404.89 2426.24
2404.89 2426.24 2408.82 2444.08
2408.82 2444.08 2414.14 2470.18
2414.14 2470.18 2415.27 2497.37
2415.27 2497.37 2416.93 2535.76
2416.93 2535.76 2429.43 2561.52
2429.43 2561.52 2463.77 2593.6
2463.77 2593.6 2475.68 2627.94
2475.68 2627.94 2491.42 2631.03
2491.42 2631.03 2507.26 2648.32
2507.26 2648.32 2527.13 2681.66
2527.13 2681.66 2547.93 2695.68
2547.93 2695.68 2587.1 2711.33
2587.1 2711.33 2607.33 2718.71
2607.33 2718.71 2629.7 2742.88
2629.7 2742.88 2659.76 2748
2659.76 2748 2694.83 2771.48
2694.83 2771.48 2702.64 2802.8
2702.64 2802.8 2724.75 2837.93
2724.75 2837.93 2730.73 2842.76
2730.73 2842.76 2732.5 2857.39
2732.5 2857.39 2737.49 2868.12
2737.49 2868.12 2747.27 2892.79
2747.27 2892.79 2770.69 2905.07
2770.69 2905.07 2779.89 2927.02
2779.89 2927.02 2799.72 2945.62
2799.72 2945.62 2815.02 2979.27
2815.02 2979.27 2846.86 2980.38
2846.86 2980.38 2884.25 3007.42
2884.25 3007.42 2914.06 3021.35
2914.06 3021.35 2921.34 3039.65
2921.34 3039.65 2923.77 3072.44
2923.77 3072.44 2930.76 3100.43
2930.76 3100.43 2933.33 3127.63
2933.33 3127.63 2940.76 3141.39
2940.76 3141.39 2956.1 3175.93
2956.1 3175.93 2976.72 3188.68
2976.72 3188.68 2984.38 3198.21
2984.38 3198.21 3008.18 3215.3
3008.18 3215.3 3024.23 3220.5
3024.23 3220.5 3051.48 3241.09
3051.48 3241.09 3059.89 3259.06
3059.89 3259.06 3100.44 3281.94
3100.44 3281.94 3113.8 3310.73
3113.8 3310.73 3114.53 3312.58
3114.53 3312.58 3142.06 3318.82
3142.06 3318.82 3148.82 3340.24
3148.82 3340.24 3151.74 3366.57
3151.74 3366.57 3185.4 3399.35
3185.4 3399.35 3185.47 3404.3
3185.47 3404.3 3208.09 3420.55
3208.09 3420.55 3228.67 3423.77
3228.67 3423.77 3243.4 3446.03
3243.4 3446.03 3266.15 3458.97
3266.15 3458.97 3274.64 3468.75
3274.64 3468.75 3308.73 3477.96
3308.73 3477.96 3318 3481.68
3318 3481.68 3323.18 3500.78
3323.18 3500.78 3346.96 3534.01
3346.96 3534.01 3347.41 3545.44
3347.41 3545.44 3349.12 3561.11
3349.12 3561.11 3354.53 3597.92
3354.53 3597.92 3376.31 3616.39
3376.31 3616.39 3389.16 3624.77
3389.16 3624.77 3419.81 3634.86
3419.81 3634.86 3457.26 3639.61
3457.26 3639.61 3466.7 3654.63
3466.7 3654.63 3497.97 3682.9
3497.97 3682.9 3518.95 3685.24
3518.95 3685.24 3557.55 3715.72
3557.55 3715.72 3567.8 3747.04
3567.8 3747.04 3597.16 3753.02
3597.16 3753.02 3615 3785.06
3615 3785.06 3635.26 3786.21
3635.26 3786.21 3665.36 3815.04
3665.36 3815.04 3679.5 3833.92
3679.5 3833.92 3695.29 3863.64
3695.29 3863.64 3706.38 3899.03
3706.38 3899.03 3721.33 3901.97
3721.33 3901.97 3729.03 3927.32
3729.03 3927.32 3764.91 3955.11
3764.91 3955.11 3780.37 3969.94
3780.37 3969.94 3782.4 3985.96
3782.4 3985.96 3786.01 4015.8
3786.01 4015.8 3806.54 4037.72
3806.54 4037.72 3817.78 4066.98
3817.78 4066.98 3849.9 4069.77
3849.9 4069.77 3877.5 4095.47
3877.5 4095.47 3914.12 4097.73
3914.12 4097.73 3946.17 4130.84
3946.17 4130.84 3966.93 4131.94
3966.93 4131.94 3982.33 4158.1
3982.33 4158.1 3985.78 4177.6
3985.78 4177.6 4004.87 4186.8
4004.87 4186.8 4024 4214.26
4024 4214.26 4026.29 4233.71
4026.29 4233.71 4042.18 4248.02
4042.18 4248.02 4048.47 4264.02
4048.47 4264.02 4087.62 4292.1
4087.62 4292.1 4100.83 4311.52
4100.83 4311.52 4138.51 4332.39
4138.51 4332.39 4141.3 4354.96
4141.3 4354.96 4159.26 4388.57
4159.26 4388.57 4179.44 4397.65
4179.44 4397.65 4179.95 4409.18
4179.95 4409.18 4200.72 4435.26
4200.72 4435.26 4230.34 4439.79
4230.34 4439.79 4249.52 4456.43
4249.52 4456.43 4262.76 4473.06
4262.76 4473.06 4268.14 4474.8
4268.14 4474.8 4296.58 4491.1
4296.58 4491.1 4299.94 4503.2
4299.94 4503.2 4319.9 4523.14
4319.9 4523.14 4347.6 4549.98
4347.6 4549.98 4360.86 4550.75
4360.86 4550.75 4383.22 4568.59
4383.22 4568.59 4410.81 4595.21
4410.81 4595.21 4423.48 4633.18
4423.48 4633.18 4425.52 4639.07
4425.52 4639.07 4446.53 4665.55
4446.53 4665.55 4455.45 4670.66
4455.45 4670.66 4467.22 4681.75
4467.22 4681.75 4473.15 4700.97
4473.15 4700.97 4473.4 4726.69
4473.4 4726.69 4480.97 4757.66
4480.97 4757.66 4517.04 4786.85
4517.04 4786.85 4529.84 4805.18
4529.84 4805.18 4554.81 4816.64
4554.81 4816.64 4561.92 4835.87
4561.92 4835.87 4564.33 4859.66
4564.33 4859.66 4601.23 4863.43
4601.23 4863.43 4628.69 4882.48
4628.69 4882.48 4663.17 4913.01
4663.17 4913.01 4696.37 4918.96
4696.37 4918.96 4732.19 4947.14
4732.19 4947.14 4752.24 4970.95
4752.24 4970.95 4767.02 4993.7
4767.02 4993.7 4772.13 5004.65
4772.13 5004.65 4781.05 5036.6
4781.05 5036.6 4781.18 5068.48
4781.18 5068.48 4782.05 5083.26
4782.05 5083.26 4802.87 5099.65
4802.87 5099.65 4844.41 5120.98
4844.41 5120.98 4869.31 5149
4869.31 5149 4899.57 5149.23
4899.57 5149.23 4917.64 5177.23
4917.64 5177.23 4920.44 5189.35
4920.44 5189.35 4937.01 5234.22
4937.01 5234.22 4952.77 5254.21
4952.77 5254.21 4969.19 5261.08
4969.19 5261.08 4972.35 5289.87
4972.35 5289.87 4994.13 5331.44
4994.13 5331.44 5018.59 5352.33
5018.59 5352.33 5047.5 5372.03
5047.5 5372.03 5072.36 5382.23
5072.36 5382.23 5090.58 5394.04
5090.58 5394.04 5108.06 5422.92
5108.06 5422.92 5120.19 5449.46
5120.19 5449.46 5154.91 5469.65
5154.91 5469.65 5189.95 5485.95
5189.95 5485.95 5191.19 5518.04
5191.19 5518.04 5194.87 5524.42
5194.87 5524.42 5230.22 5544.7
5230.22 5544.7 5255.37 5554.43
5255.37 5554.43 5283.16 5558.04
5283.16 5558.04 5310.72 5569.82
5310.72 5569.82 5311.98 5608.3
5311.98 5608.3 5330.22 5639.78
5330.22 5639.78 5351.79 5669.82
5351.79 5669.82 5361.8 5699.4
5361.8 5699.4 5365.22 5699.45
5365.22 5699.45 5380.65 5706.82
5380.65 5706.82 5402.26 5713.84
5402.26 5713.84 5438.72 5714.1
5438.72 5714.1 5466.49 5718.02
5466.49 5718.02 5497.84 5732.85
5497.84 5732.85 5498.61 5739.09
5498.61 5739.09 5502.22 5748.8
5502.22 5748.8 5509.54 5755.89
5509.54 5755.89 5540.89 5758.23
5540.89 5758.23 5550.6 5790.2
5550.6 5790.2 5582.05 5803.62
5582.05 5803.62 5614.08 5807.79
5614.08 5807.79 5644.97 5821.2
5644.97 5821.2 5682.95 5844.93
5682.95 5844.93 5702.33 5868.39
5702.33 5868.39 5728.02 5889.09
5728.02 5889.09 5734.78 5891.29
5734.78 5891.29 5749.92 5919.65
5749.92 5919.65 5775.95 5941.69
5775.95 5941.69 5788.33 5964.03
5788.33 5964.03 5816.87 5992.86
5816.87 5992.86 5826.28 6004.91
5826.28 6004.91 5853.55 6013.36
5853.55 6013.36 5859.65 6034.89
5859.65 6034.89 5887.25 6050.91
5887.25 6050.91 5899.31 6093.98
5899.31 6093.98 5900.37 6095.97
5900.37 6095.97 5927.85 6098.97
5927.85 6098.97 5937.3 6106.57
5937.3 6106.57 5939.56 6139.12
5939.56 6139.12 5967.9 6155.04
5967.9 6155.04 5998.6 6181.24
5998.6 6181.24 6006.73 6184.3
6006.73 6184.3 6038.38 6214.39
6038.38 6214.39 6053.24 6234.94
6053.24 6234.94 6069.38 6252.99
6069.38 6252.99 6073.35 6270.19
6073.35 6270.19 6102.8 6283.22
6102.8 6283.22 6135.39 6286.86
6135.39 6286.86 6138.84 6326.6
6138.84 6326.6 6146.79 6338.89
6146.79 6338.89 6167.5 6376.88
6167.5 6376.88 6195.66 6398.88
6195.66 6398.88 6219.24 6398.9
6219.24 6398.9 6265.71 6406.66
6265.71 6406.66 6278.35 6434.16
6278.35 6434.16 6284.46 6441.58
6284.46 6441.58 6321.01 6464.73
6321.01 6464.73 6334.19 6478.61
6334.19 6478.61 6361.42 6505.31
6361.42 6505.31 6370.53 6537.18
6370.53 6537.18 6381.31 6564.23
6381.31 6564.23 6405.04 6573.73
6405.04 6573.73 6438.29 6604.59
6438.29 6604.59 6483.53 6605.35
6483.53 6605.35 6501.35 6649.28
6501.35 6649.28 6535.17 6674.28
6535.17 6674.28 6541.79 6678.09
6541.79 6678.09 6553.05 6678.49
6553.05 6678.49 6564.33 6691.64
6564.33 6691.64 6571.86 6711.79
6571.86 6711.79 6605.31 6719.84
6605.31 6719.84 6611.35 6738.56
6611.35 6738.56 6619.77 6781.87
6619.77 6781.87 6639.9 6794.96
6639.9 6794.96 6652.09 6813.3
6652.09 6813.3 6679.48 6842.74
6679.48 6842.74 6722.92 6846.11
6722.92 6846.11 6741.44 6888.17
6741.44 6888.17 6783.77 6899.81
6783.77 6899.81 6793.37 6901.86
6793.37 6901.86 6815.82 6919.65
6815.82 6919.65 6828 6941.45
6828 6941.45 6864.88 6949.09
6864.88 6949.09 6893.01 6971.09
6893.01 6971.09 6915.79 6978.99
6915.79 6978.99 6937.19 6981.22
6937.19 6981.22 6951.82 7005.25
6951.82 7005.25 6988.94 7012.42
6988.94 7012.42 6994.6 7022.83
6994.6 7022.83 7013.11 7035.89
7013.11 7035.89 7034.65 7045.53
7034.65 7045.53 7040.63 7087.72
7040.63 7087.72 7065.86 7087.87
7065.86 7087.87 7067.68 7108.02
7067.68 7108.02 7067.92 7154.98
7067.92 7154.98 7093.5 7169.47
7093.5 7169.47 7104.9 7173.14
7104.9 7173.14 7127.61 7182.58
7127.61 7182.58 7142.1 7190.09
7142.1 7190.09 7157.94 7197.48
7157.94 7197.48 7160.84 7244.97
7160.84 7244.97 7193.89 7245.13
7193.89 7245.13 7211.54 7247.35
7211.54 7247.35 7240.02 7258.85
7240.02 7258.85 7242.22 7299.78
7242.22 7299.78 7249.26 7317.97
7249.26 7317.97 7250.78 7355.22
7250.78 7355.22 7263.34 7374.67
7263.34 7374.67 7277.71 7380.27
7277.71 7380.27 7313.82 7402.94
7313.82 7402.94 7355.93 7397.44
7313.82 7402.94 7314.24 7413.84
7355.93 7397.44 7362.58 7401.55
7362.58 7401.55 7396.44 7401.32
7396.44 7401.32 7421.58 7407.6
7314.24 7413.84 7313.41 7425.43
7421.58 7407.6 7463.47 7402.73
7463.47 7402.73 7464.96 7443.28
7463.47 7402.73 7499.05 7402.6
7464.96 7443.28 7470.76 7463.52
7470.76 7463.52 7493 7495.09
7493 7495.09 7499.82 7514.35
7499.05 7402.6 7520.47 7403.61
7499.82 7514.35 7522.25 7517.53
7522.25 7517.53 7523.43 7564.1
7523.43 7564.1 7534.55 7573.08
7534.55 7573.08 7542.79 7578.15
7542.79 7578.15 7574.04 7583
7574.04 7583 7580.98 7576.81
7580.98 7576.81 7614.03 7584.13
7614.03 7584.13 7636.98 7594.38
7636.98 7594.38 7673.99 7598.16
7673.99 7598.16 7695.02 7589.46
7520.47 7403.61 7522.32 7376.21
7542.79 7578.15 7534.8 7605.53
7695.02 7589.46 7727.78 7598.97
7727.78 7598.97 7746.39 7624.58
7746.39 7624.58 7751.07 7634.97
7751.07 7634.97 7756.42 7652.13
7756.42 7652.13 7759.62 7695.79
7759.62 7695.79 7760.78 7712.6
7760.78 7712.6 7761.87 7716.63
7761.87 7716.63 7775.17 7730.8
7775.17 7730.8 7781.42 7733.42
7781.42 7733.42 7807 7744.72
7807 7744.72 7818.71 7780.49
7818.71 7780.49 7824.46 7815.86
7824.46 7815.86 7809.62 7821.12
7824.46 7815.86 7837.97 7851.81
7837.97 7851.81 7847.28 7863.32
7847.28 7863.32 7876.26 7884.95
7876.26 7884.95 7871.95 7922.16
7876.26 7884.95 7917.31 7865.91
7917.31 7865.91 7937 7865.88
7937 7865.88 7943.78 7859.17
7871.95 7922.16 7885.24 7928.42
7885.24 7928.42 7891.78 7959.01
7891.78 7959.01 7896.79 7980.21
7896.79 7980.21 7907.63 7980.5
7907.63 7980.5 7907.95 8000.68
7943.78 7859.17 7951.79 7859.43
7907.95 8000.68 7916.42 8021.76
7916.42 8021.76 7937.59 8028.93
7937.59 8028.93 7970.36 8034.81
7937.59 8028.93 7935.92 8030.59
7916.42 8021.76 7905.1 8034.23
7951.79 7859.43 7993.91 7852.43
7970.36 8034.81 7979.1 8047.67
7905.1 8034.23 7876.85 8039.95
7979.1 8047.67 7980.6 8065.32
7993.91 7852.43 8027.29 7829.13
7470.76 7463.52 7473.66 7480.28
7980.6 8065.32 7994.32 8079.21
8027.29 7829.13 8030.61 7809.74
8027.29 7829.13 8042.37 7830.8
7876.85 8039.95 7866.7 8072.46
7994.32 8079.21 8010.16 8089.8
7866.7 8072.46 7858.33 8092.49
7727.78 7598.97 7759.45 7578.32
8010.16 8089.8 8010.85 8101.1
7858.33 8092.49 7819.95 8092.8
8010.85 8101.1 8022.24 8132.33
7759.45 7578.32 7771.98 7550.51
8022.24 8132.33 8022.06 8178.03
8022.06 8178.03 8005.91 8216.56
8005.91 8216.56 8000.17 8231.95
7809.62 7821.12 7775.99 7847.04
8022.06 8178.03 8040.36 8193.57
8040.36 8193.57 8041.26 8209.43
8041.26 8209.43 8045.37 8225.57
7157.94 7197.48 7167.39 7191.15
7522.32 7376.21 7522.33 7367.81
8042.37 7830.8 8086.19 7820.41
8000.17 8231.95 7991.46 8262.32
8086.19 7820.41 8128.42 7815.77
7991.46 8262.32 7974.91 8286.34
7819.95 8092.8 7797.71 8117.25
7522.33 7367.81 7530.29 7332.84
7277.71 7380.27 7280.13 7378.68
7974.91 8286.34 7987.45 8290.3
7987.45 8290.3 7987.51 8318.68
7979.1 8047.67 7982.86 8027.04
8128.42 7815.77 8130.12 7821.59
7987.51 8318.68 7988.71 8322.26
7249.26 7317.97 7245.8 7321.68
8130.12 7821.59 8133.1 7822.36
7988.71 8322.26 7987.65 8324.97
7987.65 8324.97 7985.19 8342.12
7985.19 8342.12 7996.12 8350.19
8133.1 7822.36 8136.61 7822.9
7985.19 8342.12 7956.96 8346.13
8045.37 8225.57 8054.97 8231.43
7996.12 8350.19 8018.48 8355.95
8054.97 8231.43 8063.76 8229.26
8063.76 8229.26 8066.05 8229.81
7956.96 8346.13 7938.41 8365.71
7938.41 8365.71 7936.01 8397.1
8066.05 8229.81 8103 8241.39
8103 8241.39 8139.96 8260.25
8136.61 7822.9 8170.18 7820.07
7249.26 7317.97 7280.2 7326.26
7936.01 8397.1 7938.47 8424.41
8170.18 7820.07 8187.68 7813.33
8139.96 8260.25 8169.22 8252.18
7938.47 8424.41 7941.44 8439.64
7941.44 8439.64 7927.53 8482.9
7797.71 8117.25 7797.19 8132.59
8169.22 8252.18 8205 8269.3
8205 8269.3 8218.39 8285.14
8218.39 8285.14 8237.65 8294.96
7927.53 8482.9 7931.83 8507.15
8187.68 7813.33 8209.55 7792.23
7931.83 8507.15 7932.08 8512.88
7534.8 7605.53 7531.66 7622.99
7932.08 8512.88 7932.62 8551.77
7932.62 8551.77 7886.34 8558.3
7531.66 7622.99 7531.64 7643.45
8209.55 7792.23 8218.87 7773.08
7886.34 8558.3 7888.06 8588.45
7756.42 7652.13 7751.95 7657.37
8237.65 8294.96 8264.27 8316.85
7888.06 8588.45 7894.97 8610.26
8264.27 8316.85 8270.09 8316.33
8270.09 8316.33 8288 8322.93
7797.19 8132.59 7771.14 8139.02
8288 8322.93 8304.45 8357.56
8218.87 7773.08 8254.36 7772.8
8254.36 7772.8 8298.96 7772.9
8298.96 7772.9 8310.75 7736.83
8304.45 8357.56 8330.97 8376.16
8330.97 8376.16 8343.98 8400.88
7894.97 8610.26 7894.93 8643.83
8343.98 8400.88 8368.17 8403.67
7894.93 8643.83 7888.59 8681.33
8368.17 8403.67 8401.16 8428.6
7530.29 7332.84 7523.49 7331.39
7531.64 7643.45 7529.55 7666.23
8401.16 8428.6 8445.6 8421.92
7695.02 7589.46 7695.01 7542.36
7938.41 8365.71 7922.67 8335.67
7888.59 8681.33 7843.78 8684.67
8310.75 7736.83 8322.23 7735.78
8445.6 8421.92 8463.45 8445.66
7843.78 8684.67 7825.39 8698.99
7771.14 8139.02 7749.01 8158.54
8322.23 7735.78 8323.85 7704.95
8323.85 7704.95 8328.55 7700.17
7530.29 7332.84 7562.59 7308.92
7749.01 8158.54 7729.5 8160.25
8463.45 8445.66 8467.59 8470.41
8467.59 8470.41 8497.28 8480.41
7982.86 8027.04 7986 8006.41
8497.28 8480.41 8517.16 8483.68
8517.16 8483.68 8537.48 8505.85
8328.55 7700.17 8364.89 7699.85
8537.48 8505.85 8565.78 8511.67
8565.78 8511.67 8572.1 8542.03
8364.89 7699.85 8383.72 7708.96
8572.1 8542.03 8599.69 8543.38
8383.72 7708.96 8415.32 7676.41
7825.39 8698.99 7818.23 8744.01
7987.51 8318.68 7961.83 8315.88
8030.61 7809.74 8030.17 7770.73
7818.23 8744.01 7793.18 8742.52
8599.69 8543.38 8628.28 8547.39
7793.18 8742.52 7792.42 8778.75
7807 7744.72 7845.66 7739.76
8415.32 7676.41 8440.6 7651.15
8628.28 8547.39 8636.18 8566.31
7938.41 8365.71 7900.19 8351.65
8636.18 8566.31 8650.98 8556.99
8636.18 8566.31 8641.57 8582.95
7792.42 8778.75 7793.61 8800.76
8440.6 7651.15 8480.8 7658.09
8480.8 7658.09 8525.39 7658.1
7793.61 8800.76 7804.69 8823.29
7804.69 8823.29 7806.31 8840.32
7793.61 8800.76 7764.54 8807.52
7806.31 8840.32 7811.58 8880.51
8343.98 8400.88 8343.08 8428.25
8525.39 7658.1 8527.41 7652.41
8641.57 8582.95 8644.99 8583.65
8527.41 7652.41 8561.96 7656.52
8561.96 7656.52 8576.21 7647.5
8576.21 7647.5 8611.56 7647.38
8644.99 8583.65 8663.55 8611.58
8663.55 8611.58 8670.99 8627.01
8650.98 8556.99 8666.84 8551.92
8670.99 8627.01 8681.21 8638.57
8328.55 7700.17 8306.6 7687.45
8611.56 7647.38 8645.1 7643.88
8645.1 7643.88 8679.51 7661.99
8681.21 8638.57 8681.79 8649.44
7211.54 7247.35 7226.21 7214.9
8681.21 8638.57 8719.86 8635.65
7811.58 8880.51 7806.86 8884.63
8679.51 7661.99 8716.01 7652.65
7806.86 8884.63 7770.63 8899.44
7986 8006.41 8004.83 7997.61
8719.86 8635.65 8731.17 8639.08
8716.01 7652.65 8733.61 7663.04
7226.21 7214.9 7253.04 7202.86
8733.61 7663.04 8764.93 7661.66
7793.18 8742.52 7763.52 8722.47
8731.17 8639.08 8748.49 8667.3
8748.49 8667.3 8765.32 8668.96
8764.93 7661.66 8800.13 7655.73
8765.32 8668.96 8778.56 8658.1
8445.6 8421.92 8457.82 8410.5
8778.56 8658.1 8817.24 8659.54
8817.24 8659.54 8828.79 8678.82
7253.04 7202.86 7256.43 7161
7894.93 8643.83 7923.5 8643.8
7770.63 8899.44 7755.37 8901.56
8457.82 8410.5 8463.92 8364.97
8828.79 8678.82 8844.15 8668.39
7755.37 8901.56 7746.46 8920.2
8844.15 8668.39 8889.4 8662.38
8800.13 7655.73 8813.92 7656.49
8889.4 8662.38 8927.27 8688.11
7770.63 8899.44 7785.54 8907.04
8813.92 7656.49 8850.35 7658.86
8850.35 7658.86 8866.83 7661.24
8866.83 7661.24 8909.97 7644.94
7529.55 7666.23 7529.55 7705.39
8927.27 8688.11 8951.51 8667.18
7811.58 8880.51 7817.13 8899.55
7746.46 8920.2 7721.06 8943
7695.01 7542.36 7701 7535.7
8951.51 8667.18 8972.67 8685.81
8972.67 8685.81 8994.32 8708.2
8681.79 8649.44 8677.66 8662.85
7721.06 8943 7704.93 8954.71
7704.93 8954.71 7671.91 8975.12
8463.92 8364.97 8468.37 8326.5
7775.99 7847.04 7764.11 7868.79
8813.92 7656.49 8811 7659.24
8561.96 7656.52 8562.84 7702.59
7529.55 7705.39 7528.24 7725.65
8828.79 8678.82 8829.81 8723.37
7671.91 8975.12 7669.17 8997.11
8677.66 8662.85 8645.03 8664.04
8994.32 8708.2 9000.22 8703.3
8829.81 8723.37 8831.86 8746.81
8468.37 8326.5 8494.46 8308.61
8494.46 8308.61 8492.53 8308.14
8800.13 7655.73 8800.2 7610.56
8994.32 8708.2 9005.7 8735.65
8831.86 8746.81 8830.44 8768.93
7669.17 8997.11 7654.44 8998.85
9005.7 8735.65 9017.19 8749.67
9017.19 8749.67 9017.62 8782.43
8205 8269.3 8210.12 8246.24
7529.55 7666.23 7486.5 7661.68
7763.52 8722.47 7751.65 8737.33
9017.62 8782.43 9025.21 8817.39
8645.03 8664.04 8639.22 8697.03
7775.99 7847.04 7773.05 7825.29
7654.44 8998.85 7636.79 9019.36
9025.21 8817.39 9041.19 8837.78
7499.82 7514.35 7466.34 7519.14
7562.59 7308.92 7602.12 7300.17
7313.41 7425.43 7312.66 7446.26
8909.97 7644.94 8924.41 7647.69
9041.19 8837.78 9052.97 8844.4
7528.24 7725.65 7504.33 7736.15
9052.97 8844.4 9062.1 8845.45
7751.65 8737.33 7723.35 8729.5
8924.41 7647.69 8945.83 7644.85
7636.79 9019.36 7590.61 9016.04
9062.1 8845.45 9067.72 8886.14
9067.72 8886.14 9108.8 8897.03
8945.83 7644.85 8979.83 7648.03
8979.83 7648.03 8988.09 7671.86
8170.18 7820.07 8174.13 7862.99
7602.12 7300.17 7603.87 7250.44
7590.61 9016.04 7572.45 9035.37
9108.8 8897.03 9111.17 8904.15
7771.14 8139.02 7761.84 8123.55
7723.35 8729.5 7679.11 8727.23
8988.09 7671.86 9037.22 7671.55
7729.5 8160.25 7714.24 8159.86
7572.45 9035.37 7565.77 9046.5
9111.17 8904.15 9109.22 8931.12
9000.22 8703.3 9013.99 8695.74
9109.22 8931.12 9107.76 8939.39
7312.66 7446.26 7290.52 7455.62
9037.22 7671.55 9068.47 7677.14
7714.24 8159.86 7713.38 8160.68
7673.99 7598.16 7670.55 7612.6
9111.17 8904.15 9147.4 8904.03
9147.4 8904.03 9186.47 8903.5
9186.47 8903.5 9224.18 8922.37
9068.47 7677.14 9071.11 7647.77
9107.76 8939.39 9107.42 8983.56
8666.84 8551.92 8684.61 8543.53
9068.47 7677.14 9078.81 7680.49
8951.51 8667.18 8962.14 8622.09
9111.17 8904.15 9106.34 8920.42
9078.81 7680.49 9082.25 7695.18
9082.25 7695.18 9095.58 7704.75
7749.01 8158.54 7749.63 8205.43
9013.99 8695.74 9018.12 8680.79
7565.77 9046.5 7565.89 9064.26
9224.18 8922.37 9228.35 8915.21
7817.13 8899.55 7841.87 8902.12
8684.61 8543.53 8688.68 8542.55
7565.89 9064.26 7560.82 9083.75
7560.82 9083.75 7539.71 9090.68
9224.18 8922.37 9227.02 8960.79
8440.6 7651.15 8425.73 7604.96
8817.24 8659.54 8823.23 8616.13
9067.72 8886.14 9053.98 8899.46
9107.42 8983.56 9110.6 9002.74
7603.87 7250.44 7626.47 7235.65
8562.84 7702.59 8544.64 7710.6
7713.38 8160.68 7695.98 8167.45
7841.87 8902.12 7855.74 8932.63
7256.43 7161 7265.61 7152.74
8425.73 7604.96 8424.46 7593.95
8424.46 7593.95 8415.47 7551.43
8415.47 7551.43 8411.63 7526.8
9095.58 7704.75 9097.38 7726.4
7539.71 9090.68 7543.74 9103.61
7504.33 7736.15 7480.22 7762.25
8663.55 8611.58 8690.13 8587.88
9095.58 7704.75 9125.66 7702.28
9110.6 9002.74 9099 9030.06
8611.56 7647.38 8611.04 7612.91
9099 9030.06 9107.62 9069.11
7636.79 9019.36 7646.18 9056.78
9107.62 9069.11 9110.83 9105.77
8411.63 7526.8 8411.81 7492.58
9125.66 7702.28 9127.58 7720.68
9228.35 8915.21 9263.54 8900.21
8544.64 7710.6 8552.12 7725.01
7539.71 9090.68 7508.78 9068.61
7499.05 7402.6 7502.65 7380.51
7855.74 8932.63 7874.55 8944.24
9110.83 9105.77 9076.89 9111.53
7749.63 8205.43 7751.75 8206.2
8030.17 7770.73 8029.55 7738.18
7531.66 7622.99 7562.45 7626.58
9125.66 7702.28 9125.8 7679.44
7932.62 8551.77 7955.37 8521.32
9076.89 9111.53 9078.78 9159.62
9078.78 9159.62 9121.64 9181.07
9071.11 7647.77 9090.96 7625.97
8639.22 8697.03 8631.51 8728.33
9263.54 8900.21 9269.38 8900.92
8411.81 7492.58 8414.98 7475.86
9127.58 7720.68 9147.64 7718.91
7265.61 7152.74 7252.07 7138.02
9147.64 7718.91 9147.79 7738.84
9227.02 8960.79 9228.5 9005.64
7955.37 8521.32 7984.32 8522.2
7528.24 7725.65 7555.38 7731.24
7290.52 7455.62 7263.77 7457.85
9121.64 9181.07 9135.29 9208.04
9147.64 7718.91 9162.11 7702.5
7874.55 8944.24 7885.64 8948.15
7480.22 7762.25 7466.43 7767.77
7646.18 9056.78 7670.18 9078.45
8631.51 8728.33 8629.53 8743.61
7543.74 9103.61 7511.1 9108.66
9162.11 7702.5 9200.94 7701.09
8599.69 8543.38 8628.49 8520.22
7751.07 7634.97 7789.25 7619.53
9147.79 7738.84 9156.03 7741.86
9269.38 8900.92 9272.83 8876.27
9272.83 8876.27 9279.8 8872.22
9279.8 8872.22 9321.06 8870.79
7362.58 7401.55 7367.74 7404.25
7508.78 9068.61 7507 9057.2
9078.78 9159.62 9039.61 9166.48
7679.11 8727.23 7663.96 8715.09
8130.12 7821.59 8126.92 7860.91
9200.94 7701.09 9208.73 7710.54
8298.96 7772.9 8331.58 7805.81
9156.03 7741.86 9158.14 7755.7
9135.29 9208.04 9175.8 9212.78
9208.73 7710.54 9228.29 7720.09
7771.98 7550.51 7776.08 7530.51
7543.74 9103.61 7550.46 9106.92
8629.53 8743.61 8624.15 8762.54
9175.8 9212.78 9183.35 9228.96
9321.06 8870.79 9344.11 8879.61
9039.61 9166.48 9009.46 9175.19
9090.96 7625.97 9094.48 7611.39
7511.1 9108.66 7503.2 9122.47
7503.2 9122.47 7478.78 9117.1
9228.29 7720.09 9276.24 7722.16
9276.24 7722.16 9288.15 7742.2
8066.05 8229.81 8088.77 8212.07
7749.63 8205.43 7738.93 8224.45
9344.11 8879.61 9360.24 8861.19
7670.18 9078.45 7671.81 9114.6
9360.24 8861.19 9401.58 8857.88
8624.15 8762.54 8623.04 8781.83
9009.46 9175.19 9003.52 9211.44
8800.2 7610.56 8810.48 7609.76
7900.19 8351.65 7887.8 8351.94
7466.43 7767.77 7430.22 7769.13
8623.04 8781.83 8618.97 8790.64
7663.96 8715.09 7645.28 8699.28
9003.52 9211.44 8992.89 9212.5
8618.97 8790.64 8598.57 8797.59
8992.89 9212.5 8969.93 9224.25
8103 8241.39 8107.32 8229.7
9175.8 9212.78 9200.83 9196.41
7887.8 8351.94 7862.28 8342.78
9186.47 8903.5 9138.61 8905.53
8414.98 7475.86 8396.9 7444.21
8494.46 8308.61 8506.24 8292.75
8004.83 7997.61 8032 7997.64
9401.58 8857.88 9404.08 8839.31
7764.54 8807.52 7775.52 8817.82
8368.17 8403.67 8412.45 8397.65
7961.83 8315.88 7945.37 8306.52
9276.24 7722.16 9287.3 7720.3
7480.22 7762.25 7509.69 7784.26
8396.9 7444.21 8412.41 7405.55
7503.2 9122.47 7502.8 9128.66
8962.14 8622.09 8957.75 8613.05
8343.08 8428.25 8341.68 8465.29
7885.64 8948.15 7887.32 8985.56
9183.35 9228.96 9185.78 9253.41
7887.32 8985.56 7898.5 9018.86
9094.48 7611.39 9087.06 7568.47
9288.15 7742.2 9290.61 7759.33
9185.78 9253.41 9194.15 9284.81
9290.61 7759.33 9296.29 7781.98
9296.29 7781.98 9328.84 7796.49
7478.78 9117.1 7454.81 9146.22
9287.3 7720.3 9308.75 7717.37
8022.24 8132.33 8020.01 8137.37
9194.15 9284.81 9206.12 9285.39
7695.98 8167.45 7690.25 8171.32
7454.81 9146.22 7426.92 9151.38
8341.68 8465.29 8319.75 8476.73
9328.84 7796.49 9330.31 7840.95
7898.5 9018.86 7911.14 9031.02
7776.08 7530.51 7741.1 7542.31
9206.12 9285.39 9231.39 9310.89
9231.39 9310.89 9237.81 9318.84
7843.78 8684.67 7849.78 8683.56
9404.08 8839.31 9418.58 8824.22
7523.49 7331.39 7514.98 7299.79
9308.75 7717.37 9336.23 7690.38
8598.57 8797.59 8577.27 8815.67
9401.58 8857.88 9413.43 8866.61
9418.58 8824.22 9416.71 8802.93
7430.22 7769.13 7413.24 7750.57
7645.28 8699.28 7608.18 8687.19
9416.71 8802.93 9418.23 8763.42
8969.93 9224.25 8948.46 9253.87
9237.81 9318.84 9242.44 9323.08
7430.22 7769.13 7424.29 7799.26
9418.58 8824.22 9453.07 8830.85
7671.81 9114.6 7680.53 9136.28
8948.46 9253.87 8905.52 9246.72
7426.92 9151.38 7427.85 9192.48
8412.41 7405.55 8393.74 7378.33
8905.52 9246.72 8884.75 9276.77
8218.39 8285.14 8257.03 8277.63
7626.47 7235.65 7597.46 7210.47
8393.74 7378.33 8405.38 7360.98
9413.43 8866.61 9432.33 8896.7
9242.44 9323.08 9282.36 9323.02
9336.23 7690.38 9339.06 7687.79
7776.08 7530.51 7822.32 7530.59
7608.18 8687.19 7604.09 8680.64
7645.28 8699.28 7657.64 8688.05
8139.96 8260.25 8133.5 8291.57
8330.97 8376.16 8330.66 8378.5
8506.24 8292.75 8475.54 8260.78
8405.38 7360.98 8411.99 7342.41
9453.07 8830.85 9469.96 8828.31
9282.36 9323.02 9291.51 9369.25
7427.85 9192.48 7447.53 9228.79
9291.51 9369.25 9288.87 9388.35
8576.21 7647.5 8575.54 7611.83
8962.14 8622.09 8958.14 8612.28
8411.99 7342.41 8415.49 7332.82
9418.23 8763.42 9445.8 8760.51
8415.49 7332.82 8409.53 7294.86
7424.29 7799.26 7422.94 7802.5
9087.06 7568.47 9109.35 7545.91
8319.75 8476.73 8288.4 8504.82
9432.33 8896.7 9475.01 8912.64
9330.31 7840.95 9330.33 7844.56
9110.6 9002.74 9117.76 9018.11
8611.04 7612.91 8612.2 7602.06
9328.84 7796.49 9365.92 7796.67
8552.12 7725.01 8558.12 7732.56
7680.53 9136.28 7685.69 9148.5
8884.75 9276.77 8860.53 9295.51
7597.46 7210.47 7600.47 7183.82
9109.35 7545.91 9111.64 7517.31
7685.69 9148.5 7687.13 9184.59
8618.97 8790.64 8643.13 8820.71
7447.53 9228.79 7433.18 9230.43
7447.53 9228.79 7447.59 9246.48
9111.64 7517.31 9141.11 7509.82
7690.25 8171.32 7645.19 8180.54
8612.2 7602.06 8621.84 7600.53
9365.92 7796.67 9377.54 7796.36
9330.33 7844.56 9345.16 7844.62
7426.92 9151.38 7421.3 9113.73
8029.55 7738.18 8039.93 7698.8
7447.59 9246.48 7429.72 9268.46
7687.13 9184.59 7691.85 9196.08
8621.84 7600.53 8622.61 7556.25
8860.53 9295.51 8837.78 9297.19
8860.53 9295.51 8870.65 9334.09
7759.45 7578.32 7766.64 7580.3
8032 7997.64 8036.78 7981.24
8544.64 7710.6 8542.73 7755.29
7263.77 7457.85 7256.25 7462.46
9135.29 9208.04 9096.23 9221.93
9162.11 7702.5 9168.4 7675.29
9445.8 8760.51 9448.88 8722.12
8870.65 9334.09 8845.29 9355.22
7604.09 8680.64 7568.36 8677.67
7429.72 9268.46 7439 9303.7
8845.29 9355.22 8847.19 9395.44
7422.94 7802.5 7399.17 7829.06
7399.17 7829.06 7386.82 7832.1
8622.61 7556.25 8631.25 7541.65
7386.82 7832.1 7377.62 7869.11
9288.87 9388.35 9283.26 9404.31
9377.54 7796.36 9379.93 7793.83
8847.19 9395.44 8834.48 9427.8
7626.47 7235.65 7634.12 7236.25
9018.12 8680.79 9025.33 8679.28
9025.33 8679.28 9037.99 8670.8
7568.36 8677.67 7563.14 8669.26
9076.89 9111.53 9100.43 9108.6
8467.59 8470.41 8445.25 8501.78
7439 9303.7 7440.69 9338.3
7377.62 7869.11 7377.41 7879.42
7440.69 9338.3 7458.88 9342.17
9283.26 9404.31 9284.31 9446.7
9282.36 9323.02 9319.48 9296.95
8958.14 8612.28 8959.3 8592.81
7256.25 7462.46 7228.73 7467.27
9469.96 8828.31 9510.05 8830.46
7634.12 7236.25 7638.91 7224.68
9330.33 7844.56 9316.28 7874.11
9284.31 9446.7 9322.28 9453.15
9097.38 7726.4 9092.3 7771.08
8475.54 8260.78 8481.87 8241.47
7943.78 7859.17 7937.61 7825.34
8688.68 8542.55 8691.78 8528.26
9448.88 8722.12 9470.81 8699.71
8577.27 8815.67 8560.4 8819.54
9345.16 7844.62 9375.68 7867.54
7691.85 9196.08 7708.89 9198.74
9375.68 7867.54 9386.21 7881.4
8959.3 8592.81 8955.6 8582.74
8288.4 8504.82 8264.61 8545.13
7708.89 9198.74 7709.03 9212.17
8837.78 9297.19 8817.73 9297.45
7440.69 9338.3 7435.41 9360.67
7603.87 7250.44 7568.21 7255.77
7563.14 8669.26 7558.38 8677.3
9386.21 7881.4 9408.23 7893.91
7435.41 9360.67 7460.42 9368.59
8396.9 7444.21 8348.32 7446.59
8817.73 9297.45 8771.49 9301.12
8039.93 7698.8 8043.06 7682.35
9408.23 7893.91 9393.74 7933.94
9470.81 8699.71 9507.59 8692.38
7911.14 9031.02 7914.41 9058.35
9322.28 9453.15 9354.32 9457.34
9408.23 7893.91 9412.39 7903.95
9276.24 7722.16 9272.57 7716.2
7034.65 7045.53 7052.49 7038.41
7914.41 9058.35 7916.73 9086.85
9475.01 8912.64 9492.72 8926.1
8409.53 7294.86 8417.44 7287.69
9025.21 8817.39 8980.55 8818.96
7377.41 7879.42 7356.15 7888.18
8631.25 7541.65 8631.49 7520.77
9087.06 7568.47 9068.23 7562.91
9412.39 7903.95 9427.09 7909.4
7435.41 9360.67 7435.14 9403.41
8039.93 7698.8 8038.07 7699.67
7638.91 7224.68 7667.66 7221.5
8481.87 8241.47 8506.46 8238.59
7822.32 7530.59 7855.04 7529.87
8572.1 8542.03 8566.98 8557.67
7916.73 9086.85 7944.95 9114.73
9427.09 7909.4 9441.3 7892.58
9507.59 8692.38 9519.16 8670.32
9354.32 9457.34 9361.21 9477.25
7558.38 8677.3 7531.34 8684.17
9141.11 7509.82 9141.47 7464.79
9441.3 7892.58 9453.8 7894.16
8731.17 8639.08 8733.29 8685.08
9361.21 9477.25 9366.95 9512.04
9339.06 7687.79 9358.03 7659.31
8622.61 7556.25 8605.32 7539.27
9366.95 9512.04 9371.73 9516.19
7817.13 8899.55 7817.02 8933.5
8409.53 7294.86 8389.85 7299.65
8572.1 8542.03 8554.14 8529.24
9371.73 9516.19 9382.16 9537.36
7435.14 9403.41 7452.02 9403.76
7600.47 7183.82 7575.85 7157.88
7356.15 7888.18 7321.63 7865.43
8566.98 8557.67 8559.49 8576.65
8771.49 9301.12 8765.58 9295.96
7741.1 7542.31 7742.8 7582.41
7531.34 8684.17 7489.18 8691.5
7228.73 7467.27 7222.26 7491.79
7980.6 8065.32 7980.19 8074.5
8870.65 9334.09 8902.81 9340.38
9453.8 7894.16 9479.64 7895.43
9519.16 8670.32 9520.67 8660.24
9520.67 8660.24 9524.91 8642.39
7563.14 8669.26 7547.47 8637.3
7565.89 9064.26 7551.12 9066.65
9492.72 8926.1 9509.69 8936.8
9358.03 7659.31 9392.96 7635.05
8415.49 7332.82 8420.29 7334.18
7575.85 7157.88 7580.34 7133.43
8834.48 9427.8 8826.21 9434.45
9382.16 9537.36 9417.6 9533.47
8631.49 7520.77 8642.07 7501.56
8562.84 7702.59 8586.12 7714.11
9510.05 8830.46 9519.66 8829.99
9392.96 7635.05 9402.69 7634.1
8107.32 8229.7 8146.05 8224.49
9524.91 8642.39 9528.13 8625.09
9519.66 8829.99 9545.5 8851.35
8412.41 7405.55 8458.92 7412.11
7709.03 9212.17 7727.55 9250.04
8826.21 9434.45 8825.51 9461.43
7427.85 9192.48 7385.92 9192.75
8417.44 7287.69 8426.89 7282.86
7452.02 9403.76 7465.43 9435.55
7396.44 7401.32 7395.87 7381.18
7421.3 9113.73 7419.11 9072.79
7435.14 9403.41 7424.01 9413.57
8586.12 7714.11 8615.59 7715.56
9319.48 9296.95 9349.51 9281.28
7460.42 9368.59 7492.87 9365.96
9316.28 7874.11 9294.49 7909.76
8559.49 8576.65 8548.61 8587.11
8955.6 8582.74 8954.86 8536.85
7894.97 8610.26 7871.65 8631.56
7424.01 9413.57 7411.78 9452.91
9417.6 9533.47 9429.82 9524.46
8825.51 9461.43 8809.83 9478.68
7222.26 7491.79 7225.37 7540.38
9141.47 7464.79 9147.63 7460.61
9402.69 7634.1 9414.26 7630.8
7819.95 8092.8 7806.56 8086.85
8951.51 8667.18 8948.45 8642.52
7321.63 7865.43 7291.27 7881.57
8577.27 8815.67 8594.44 8821.23
9414.26 7630.8 9427.93 7603.65
9158.14 7755.7 9180.88 7796.15
9479.64 7895.43 9481.01 7924.48
9481.01 7924.48 9523.11 7937.49
9141.47 7464.79 9123.14 7452.84
9429.82 9524.46 9466.94 9524.47
7547.47 8637.3 7522.19 8619.71
9147.4 8904.03 9153.8 8889.85
7575.85 7157.88 7529.45 7153.15
8809.83 9478.68 8806.59 9500.11
8806.59 9500.11 8773.16 9519.18
9523.11 7937.49 9545.74 7947.64
8411.81 7492.58 8392.1 7494.77
7377.41 7879.42 7382.41 7904.19
8426.89 7282.86 8472.17 7262.42
7923.5 8643.8 7939.93 8648.17
7727.55 9250.04 7731.57 9259
7855.04 7529.87 7855.26 7515.9
8517.16 8483.68 8533.26 8482.79
7382.41 7904.19 7420.71 7909.26
7430.22 7769.13 7432.85 7728.32
9509.69 8936.8 9533.02 8944.2
8773.16 9519.18 8749.4 9534.77
9123.14 7452.84 9121.22 7413.91
7731.57 9259 7733.45 9291.94
7845.66 7739.76 7894.57 7741.08
7667.66 7221.5 7668.65 7179.98
9427.93 7603.65 9458.91 7602.73
7645.19 8180.54 7605.43 8182.62
7605.43 8182.62 7577.69 8191.63
9528.13 8625.09 9530.4 8619.26
8043.06 7682.35 8043.21 7659.53
7411.78 9452.91 7410.83 9485.36
